# Saved VMD view (resize + matrices)
resize 1396 770
center_matrix {{1 0 0 -91.0802} {0 1 0 -37.2478} {0 0 1 -2.68323} {0 0 0 1}}
rotate_matrix {{0.993502 0.11279 0.0151863 0} {0.00332822 0.104586 -0.994509 0} {-0.113759 0.988098 0.103531 0} {0 0 0 1}}
scale_matrix {{0.112227 0 0 0} {0 0.112227 0 0} {0 0 0.112227 0} {0 0 0 1}}
global_matrix {{1 0 0 0} {0 1 0 -0.14} {0 0 1 0} {0 0 0 1}}
